66
87
90
99
87
74
92
89
94
94
89
91
86
88
84
84
93
93
95
100
110
116
65
87
89
90
87
85
63
60
79
84
90
96
72
105
106
107
105
116
116
115
113
109
115
120
117
121
121
124
126
124
122
116
116
115
113
76
94
90
92
93
91
90
72
89
94
90
91
91
91
94
85
69
60
106
95
99
93
76
80
91
68
78
79
80
87
90
79
84
84
85
86
72
84
84
86
84
88
84
87
88
84
84
96
89
87
88
90
91
88
97
88
94
99
106
113
115
120
85
86
72
84
84
86
84
88
84
87
88
84
84
96
89
87
88
90
87
89
90
87
85
63
60
79
84
90
96
72
105
106
107
105
116
116
90
87
89
90
87
85
63
60
79
84
90
96
90
87
89
90
87
85
63
60
79
84
90
96
90
99
87
74
92
89
94
94
89
91
86
88
84
84
93
93
95
100
110